1111    25  2.32
2222    14  1.81
3333    30  4.61
0       0   0

4444    35  8.61
5555    78  10.62
0       0   0

6666    5   52.61
7777    8   4.91
8888    10  .24
0       0   0

9999    52  1.32
1000    121 .68
2000    24  2.69
0       0   0

3000    2   152.68
4000    40  29.60
5000    1   1.40
0       0   0

6000    14  100.00
7000    38  .52
8000    70  1.02
9000    2   90.45
0       0   0

3222    13  32.53
4222    32  50.25
5222    20  4.50
0       0   0

4333    74  2.75
5333    40  3.20
6333    95  5.50
7333    20  5.5
0	0	0

2444    10  415.00
3444    5   300.00
0	0	0

5111    5   22.00
6111    5   52.50
7111    5   45.20
8111    5   20.50
9111    5   15.25
0	0	0